[gd_scene load_steps=7 format=3 uid="uid://bc5pom6o483td"]

[ext_resource type="PackedScene" uid="uid://bdutlqnndt0jq" path="res://rc_player.tscn" id="1_g2bwr"]

[sub_resource type="ProceduralSkyMaterial" id="ProceduralSkyMaterial_n38t7"]
sky_top_color = Color(0.239216, 0.470588, 0.584314, 1)
sky_horizon_color = Color(0.559804, 0.617647, 0.646078, 1)
ground_bottom_color = Color(0, 0, 0, 1)
ground_horizon_color = Color(0.559804, 0.617647, 0.646078, 1)

[sub_resource type="Sky" id="Sky_sg4kx"]
sky_material = SubResource("ProceduralSkyMaterial_n38t7")

[sub_resource type="Environment" id="Environment_3ed5a"]
background_mode = 2
sky = SubResource("Sky_sg4kx")
tonemap_mode = 2

[sub_resource type="StandardMaterial3D" id="StandardMaterial3D_7kho6"]
albedo_color = Color(0, 0, 0, 1)

[sub_resource type="PlaneMesh" id="PlaneMesh_lvvuy"]
material = SubResource("StandardMaterial3D_7kho6")

[node name="rc_world" type="Node3D"]

[node name="WorldEnvironment" type="WorldEnvironment" parent="."]
environment = SubResource("Environment_3ed5a")

[node name="DirectionalLight3D" type="DirectionalLight3D" parent="."]
transform = Transform3D(-0.866023, -0.149521, 0.477123, 0, 0.95424, 0.299041, -0.500003, 0.258976, -0.826395, 0, 0, 0)
light_color = Color(0.501961, 0.533333, 0, 1)
shadow_enabled = true

[node name="CSGMesh3D" type="CSGMesh3D" parent="."]
transform = Transform3D(100, 0, 0, 0, 100, 0, 0, 0, 100, 0, 0, 0)
use_collision = true
mesh = SubResource("PlaneMesh_lvvuy")

[node name="race" parent="." instance=ExtResource("1_g2bwr")]
transform = Transform3D(-0.035981, 0, -0.999352, 0, 1, 0, 0.999352, 0, -0.035981, -1.67345, 0.537308, 0.994736)

[node name="Ramp 1" type="CSGBox3D" parent="."]
transform = Transform3D(0.890276, -0.455421, 0, 0.455421, 0.890276, 0, 0, 0, 1, 6.07546, 0.617028, 0)
use_collision = true
size = Vector3(5.18205, 0.572491, 4.65805)

[node name="Ramp 5" type="CSGBox3D" parent="."]
transform = Transform3D(0.890276, -0.455421, 0, 0.455421, 0.890276, 0, 0, 0, 1, -29.9277, 4.46803, 0)
use_collision = true
size = Vector3(23.5919, 0.572491, 14.6023)

[node name="Ramp 4" type="CSGBox3D" parent="."]
transform = Transform3D(0.890276, -0.455421, 0, 0.455421, 0.890276, 0, 0, 0, 1, 19.4793, 0.617028, 30.2318)
use_collision = true
size = Vector3(5.18205, 0.572491, 4.65805)

[node name="Ramp 2" type="CSGBox3D" parent="."]
transform = Transform3D(0.912849, 0.408299, 0, -0.408299, 0.912849, 0, 0, 0, 1, 30.2219, 0.617028, 0)
use_collision = true
size = Vector3(5.18205, 0.572491, 4.65805)

[node name="Ramp 3" type="CSGBox3D" parent="."]
transform = Transform3D(0.912849, 0.408299, 0, -0.408299, 0.912849, 0, 0, 0, 1, -16.0433, 0.617028, 29.7393)
use_collision = true
size = Vector3(5.18205, 0.572491, 4.65805)
